%YAML:1.0
description: "0"
samples:
   - !!opencv-matrix
      rows: 198
      cols: 1
      dt: d
      data: [ -2.0055563818504403e+001, -1.9515702772964495e+001,
          -1.8660938556141321e+001, -1.7412818735865283e+001,
          -1.5427096178489016e+001, -1.2217143118559918e+001,
          -8.0523212266254269e+000, -3.2465166619041947e+000,
          1.9836451829601101e+000, 6.9107336678434139e+000,
          1.1149778043807052e+001, 1.4623218322262636e+001,
          1.7022405803919259e+001, 1.8180049089285362e+001,
          1.8663273305948390e+001, 1.8803482121450227e+001,
          1.8652004766920420e+001, -1.6664971249201621e+001,
          -1.4666280247598094e+001, -1.1846936058244466e+001,
          -8.7733362301557278e+000, -5.7769005992412161e+000,
          3.2661221073033828e+000, 6.2106738983220797e+000,
          9.3399478019942457e+000, 1.2353005512304383e+001,
          1.4647452887650957e+001, -8.6037253504206657e-001,
          -6.9941146048529024e-001, -5.3471729906080834e-001,
          -3.6030187711747785e-001, -3.6577678018851545e+000,
          -1.8966892300715850e+000, -9.9985847962994243e-002,
          1.6946949244196712e+000, 3.4229561144968454e+000,
          -1.2272375510975756e+001, -1.0466128261787707e+001,
          -8.2901608621341527e+000, -6.2971083249911741e+000,
          -8.2238870430055346e+000, -1.0274421499518631e+001,
          5.0994635100249601e+000, 7.0083185174252787e+000,
          9.1836151994973374e+000, 1.1106173499881104e+001,
          9.1564383083886529e+000, 7.0935178859022088e+000,
          -8.2157523138876574e+000, -6.1126795624116621e+000,
          -3.1637759514172834e+000, 2.7175851407373319e-001,
          3.6931160294151630e+000, 6.8550658070068078e+000,
          9.3174745560487224e+000, 7.3693184115658257e+000,
          4.5375627791699014e+000, 9.8447930409726458e-001,
          -2.6968249041427539e+000, -5.8495264637790596e+000,
          -3.8592610909381260e+000, 4.3974286169315818e-001,
          4.7560343603758879e+000, 5.1955791157382487e+000,
          7.5855853340210166e-001, -3.7971509978137741e+000,
          -6.3082093564411377e+000, -1.0729175500607724e+000,
          4.1138459583884464e+000, 9.2707796364214854e+000,
          1.4277734240833594e+001, 1.8531518232006285e+001,
          2.1785559911677307e+001, 2.3951278313988503e+001,
          2.4424188558721326e+001, 2.3095393963097131e+001,
          2.0209343143159803e+001, 1.6412688929067389e+001,
          1.1801608990610779e+001, 6.6368365323254492e+000,
          1.4275072748884630e+000, -3.7667410640164718e+000,
          -8.9609882222339365e+000, -1.4318781730895484e+001,
          -1.6584983529117853e+001, -1.7757818650552345e+001,
          -1.7867441372346182e+001, -1.7190073323625281e+001,
          -1.7764980184785248e+001, -1.8871567308537347e+001,
          -1.9191882048817860e+001, -1.8356032649681804e+001,
          -1.6275421657813514e+001, -1.0622243641842003e+001,
          -8.0204496141132058e+000, -5.4270907932325771e+000,
          -2.8578039259060595e+000, 3.1776911066630598e-001,
          6.6320174457856385e-001, 7.4352167150319914e-001,
          3.9518657135674873e-001, -2.0309901911026046e-001,
          -8.4248139091806440e+000, -9.5055403132780842e+000,
          -9.7033336027590025e+000, -9.1051973096669272e+000,
          -8.3967925723663601e+000, -8.1444183285302127e+000,
          -9.9373525858981040e+000, -1.0780075982759731e+001,
          -1.0846572616636305e+001, -1.0016176395233275e+001,
          -9.4959978457260572e+000, -9.4729913247305397e+000,
          7.8597719968723512e+000, 5.4945157414238661e+000,
          3.9489581659655708e+000, 3.7631187295612332e+000,
          3.4275252909012832e+000, 4.5057155080063724e+000,
          6.5094816195479845e+000, 9.4197747066510971e+000,
          1.1540850926179614e+001, 1.2394207098073258e+001,
          1.2121967582168034e+001, 1.0465055567329758e+001,
          6.1609928200037878e+000, 5.7452165076011461e+000,
          5.4909027559292678e+000, 8.8562537446005631e+000,
          9.9373267085676815e+000, 9.5483044346340087e+000,
          2.1446747094885012e+001, 2.1039097571040184e+001,
          2.0555864468101877e+001, 1.8239997026050982e+001,
          1.3527471908886797e+001, 7.8224111885376786e+000,
          3.0651251714559278e+000, -8.9047889211144982e-001,
          -4.8353895825474451e+000, -8.8468985461415650e-001,
          3.1940332259605331e+000, 8.0324820462253150e+000,
          1.3791937121093737e+001, 1.8514503977708905e+001,
          2.0874359832658833e+001, 2.1346147375038722e+001,
          2.1759031526443991e+001, 3.2374970143563325e-001,
          -1.5203712998736012e+000, -2.9585612439463480e+000,
          -4.2229560057651643e+000, -5.4011535340196479e+000,
          -5.3800790502790674e+000, -4.1608005296543862e+000,
          -2.8406213882744664e+000, -1.3704309700587509e+000,
          4.9904802563991851e-001, -5.0052896872761430e+000,
          -7.7785013113810866e+000, -1.0611516532853177e+001,
          -1.3419585936957903e+001, -6.4663870173077882e+000,
          -7.2112960076533348e+000, -8.0402568414956868e+000,
          -7.2630573197268928e+000, -6.4755195823493210e+000,
          -9.1306983559012656e-001, -1.2891610845798616e+000,
          -1.5398228981179614e+000, -1.1252848421265953e+000,
          -1.1334103336069030e+000, -1.0971952906281330e+000,
          -1.2012039116909028e+000, -1.4919441837977134e+000,
          -1.1551369349799203e+000, -7.1733041982565549e-001,
          -9.9374969209068975e-001, -1.1200420280342578e+000,
          -2.5396834700207962e+000, -4.7922650895879375e+000,
          -6.4192621619663788e+000, -7.9822221209437245e+000,
          -6.3971409744139907e+000, -4.7343387812502087e+000,
          -2.5072172131848962e+000, -3.8629634772864168e+000,
          -5.2775307774481943e+000, -6.8150001204302848e+000,
          -5.2805059700441292e+000, -3.9328242502592530e+000,
          -5.0385199948486212e+000, -7.4859612424010473e+000,
          -5.0938777771880615e+000, -4.4393376542631033e+000,
          -6.4906693243414626e+000, -4.4282847464869795e+000 ]
