%YAML:1.0
description: "2"
samples:
   - !!opencv-matrix
      rows: 198
      cols: 1
      dt: d
      data: [ -1.8634580063982654e+001, -1.8007957045636115e+001,
          -1.7062283771943193e+001, -1.5844712862467757e+001,
          -1.4231725051320570e+001, -1.1532626560696700e+001,
          -7.7586025603735012e+000, -3.1804357553851523e+000,
          1.9535423138224295e+000, 6.8901543039616833e+000,
          1.0907865863758554e+001, 1.3898240273524353e+001,
          1.5709061860376991e+001, 1.6561061992586207e+001,
          1.7074233649942659e+001, 1.7271809282037140e+001,
          1.7090633508135433e+001, -1.5625720650336232e+001,
          -1.4062587583786950e+001, -1.1541075338225786e+001,
          -8.6493213326680234e+000, -5.7903680288799837e+000,
          2.9046118723016208e+000, 5.5122709686464875e+000,
          8.3005621607003981e+000, 1.0924751943696473e+001,
          1.2826601544050519e+001, -5.8115284747600748e-001,
          -4.6437877203714223e-001, -3.5139181784957974e-001,
          -2.3513219238848987e-001, -1.8881718204225886e+000,
          -8.7502280509242092e-001, 8.3288682616191476e-002,
          1.0097946203766555e+000, 2.0014329439264840e+000,
          -1.1229465687594450e+001, -9.8526244192868830e+000,
          -7.9571021545635707e+000, -6.2727116228720581e+000,
          -7.7701241579945384e+000, -9.5607783694641544e+000,
          5.1661182018800220e+000, 6.7622424274232360e+000,
          8.6432220883482120e+000, 1.0093882951504598e+001,
          8.5183940688659039e+000, 6.7424149690426542e+000,
          -4.8513404535204163e+000, -4.1015504851270776e+000,
          -2.3705781080646271e+000, 3.6550092249416910e-001,
          3.0912672452215686e+000, 5.1092290783160763e+000,
          6.1844494641663008e+000, 4.9160284520771418e+000,
          3.2185634899605580e+000, 9.9239693340540713e-001,
          -1.3568899370190159e+000, -3.2756165372711190e+000,
          -1.7507657615927001e+000, 5.4557288000779847e-001,
          2.8816733488700312e+000, 2.9786500358461523e+000,
          8.1353163857009680e-001, -1.4714377597338453e+000,
          -6.8689210977583350e+000, -1.5167618234289912e+000,
          3.7528884397150666e+000, 9.1205414351323935e+000,
          1.4607769145563532e+001, 1.9532030194493814e+001,
          2.3459792808540314e+001, 2.6154610182180676e+001,
          2.6985209009092014e+001, 2.5315416731116660e+001,
          2.1789221372679783e+001, 1.7192738783499205e+001,
          1.1865845949959873e+001, 6.3232860622161411e+000,
          1.0823018656441481e+000, -4.0108127686295356e+000,
          -9.1326667801986225e+000, -1.5382148983909213e+001,
          -1.7813868110496529e+001, -1.9232972599413859e+001,
          -1.9468885091430970e+001, -1.8828815115061605e+001,
          -1.9048934268979856e+001, -2.0074012131751921e+001,
          -2.0272046684603445e+001, -1.9381162519247976e+001,
          -1.7401843614143829e+001, -1.1173500707791023e+001,
          -8.9338899997145642e+000, -6.6823694241586464e+000,
          -4.4622253157666396e+000, -6.6316854482828458e-001,
          -8.0017651364621700e-001, -8.4791250223629666e-001,
          -9.0748779212727615e-001, -8.8322482948477909e-001,
          -9.0018314305820990e+000, -1.0142001051006408e+001,
          -1.0441558164754310e+001, -9.9541769745165034e+000,
          -8.8074906800413011e+000, -8.5080444344125237e+000,
          -1.0637090127845145e+001, -1.1244238244059034e+001,
          -1.1163431592212808e+001, -1.0173831503708088e+001,
          -9.5172561739350972e+000, -9.6262466563052289e+000,
          9.9900543030736326e+000, 6.9885352464019768e+000,
          4.4475340272497847e+000, 4.2577808845970271e+000,
          4.1123184213234412e+000, 6.4352198389984361e+000,
          9.3764565296348952e+000, 1.1017317608052169e+001,
          1.2259280808520055e+001, 1.2892884183118181e+001,
          1.2539113388841940e+001, 1.1495350106831983e+001,
          7.2519292405426157e+000, 6.7121129039886167e+000,
          6.9774445351252075e+000, 9.3708486526839838e+000,
          1.0063776538036599e+001, 9.6354983981979139e+000,
          2.1155306552440162e+001, 2.0921500875316177e+001,
          2.0294500099229701e+001, 1.8162134342208603e+001,
          1.3466536499038080e+001, 7.7405860228408834e+000,
          3.0510856681405523e+000, -8.1131121110174342e-001,
          -5.0498809176877852e+000, -7.3652105328041817e-001,
          3.1870616696544030e+000, 7.9306275884067423e+000,
          1.3689404514869533e+001, 1.8208430819573980e+001,
          2.0381660880891079e+001, 2.0907143140520844e+001,
          2.1112996194206364e+001, 2.9757111053909080e-001,
          -1.6633499987639409e+000, -2.9997255947170300e+000,
          -4.2089317105731343e+000, -5.3491346495865635e+000,
          -5.4374170216015747e+000, -4.1888759192417941e+000,
          -2.8930024062331534e+000, -1.4926709295645302e+000,
          4.0610994456092669e-001, -4.9454677239062717e+000,
          -7.6694761051072815e+000, -1.0301843856709070e+001,
          -1.2929099426017311e+001, -5.9333890938568912e+000,
          -6.8176145853609169e+000, -7.9221391674373933e+000,
          -6.7984971486186341e+000, -5.8418820350035752e+000,
          -1.2097445573418248e+000, -1.4285014582456164e+000,
          -1.4375457986188391e+000, -9.3131189946094117e-001,
          -1.1493264867825808e+000, -1.0311197975360469e+000,
          -1.0348677397223505e+000, -1.3615536190264179e+000,
          -1.2938154918144678e+000, -1.0580085045087337e+000,
          -9.7036923613207260e-001, -1.1701253855831313e+000,
          -2.6671063292227650e+000, -5.1199410651642392e+000,
          -6.6061953392508475e+000, -7.9382458337561665e+000,
          -6.4752989610388418e+000, -4.9778433076559683e+000,
          -2.6435358592750924e+000, -3.9420475014257148e+000,
          -5.2697971381027404e+000, -6.9942404300534102e+000,
          -5.3411822253602512e+000, -4.0042497404484516e+000,
          -4.6706283079566955e+000, -6.8502347729341801e+000,
          -4.5663825798984314e+000, -4.2649820035569581e+000,
          -6.1457044617606114e+000, -4.3684149100414071e+000 ]
